0.10000000000000001 1
0.20000000000000001 1
0.30000000000000004 1
0.40000000000000002 2
0.5 2
0.59999999999999998 2
0.69999999999999996 3
0.79999999999999993 4
0.89999999999999991 4
0.99999999999999989 4
1.0999999999999999 8
1.2 8
1.3 8
1.4000000000000001 12
1.5000000000000002 16
1.6000000000000003 16
1.7000000000000004 20
1.8000000000000005 20.1993
1.9000000000000006 1
2.0000000000000004 1
2.1000000000000005 1
2.2000000000000006 1
2.3000000000000007 2
2.4000000000000008 2
2.5000000000000009 2
2.600000000000001 3
2.7000000000000011 3
2.8000000000000012 3
2.9000000000000012 4
3.0000000000000013 5
3.1000000000000014 5
3.2000000000000015 5
3.3000000000000016 7
3.4000000000000017 9
3.5000000000000018 9
3.6000000000000019 1
3.700000000000002 1
3.800000000000002 1
3.9000000000000021 1
4.0000000000000018 2
4.1000000000000014 2
4.2000000000000011 2
4.3000000000000007 4
4.4000000000000004 4
4.5 4
4.5999999999999996 4.92064
4.6999999999999993 4.92064
4.7999999999999989 4.92064
4.8999999999999986 5.50703
4.9999999999999982 5.68862
5.0999999999999979 5.68862
5.1999999999999975 6.20063
5.2999999999999972 6.51909
5.3999999999999968 6.51909
5.4999999999999964 6.82236
5.5999999999999961 7.3909
5.6999999999999957 7.3909
5.7999999999999954 7.65907
5.899999999999995 8.16862
5.9999999999999947 8.29104
6.0999999999999943 8.41165
6.199999999999994 8.99015
6.2999999999999936 9.21125
6.3999999999999932 9.31982
6.4999999999999929 9.74184
6.5999999999999925 10.1462
6.6999999999999922 10.2447
6.7999999999999918 10.6297
6.8999999999999915 11.0012
6.9999999999999911 11.0921
7.0999999999999908 11.4484
7.1999999999999904 11.7939
7.2999999999999901 12.0464
7.3999999999999897 12.3751
7.4999999999999893 12.6953
7.599999999999989 13.0075
7.6999999999999886 13.2367
7.7999999999999883 13.5364
7.8999999999999879 13.9018
7.9999999999999876 14.1873
8.0999999999999872 14.4672
8.1999999999999869 14.7418
8.2999999999999865 15.0112
8.3999999999999861 15.1442
8.4999999999999858 15.1442
8.5999999999999854 15.1442
8.6999999999999851 1
8.7999999999999847 1
8.8999999999999844 1
8.999999999999984 1
9.0999999999999837 1
9.1999999999999833 1
9.2999999999999829 1
9.3999999999999826 1
9.4999999999999822 1
9.5999999999999819 1
9.6999999999999815 1
9.7999999999999812 1
9.8999999999999808 1
9.9999999999999805 1
